#Данные о космических объектах
star 2.0 red 1.98892e+30 880756030.8061059 18107089625.13904 4.465577151959291 3.4458261718999417
planet 2.0 orange 3.302e+23 21603318894768.04 -65930960774230.72 18835.082796296694 -57354.30765141799
planet 5.0 blue 4.869e+24 15867937996627.242 -11432629388876.445 12901.213821962005 -9054.93527306155
planet 5.0 green 5.974e+24 -12212087679380.863 -26196738785824.562 -10126.245925359055 -22086.847709537484
planet 3.0 red 6.419e+23 -70355311071.05592 -349682348275.35516 13659.632936632794 -6691.021224599908
planet 20.0 yellow 1.899e+27 754038192757.9727 2913372391.181716 -1369.6814428918246 13535.460886161407
planet 15.0 white 5.685e+26 -58330912030.60332 1436989580087.8435 -9721.255125374788 -110.75593849791522
planet 8.0 gray 8.685e+25 -2688603104970.688 1120607846238.324 -2583.2477354575117 -6205.444546993401
planet 7.0 blue 1.024e+26 722392952264.087 4493747020524.352 -5342.493399273133 937.3906765490296
